1 1 1 0
10
20000000000
1366910745 1251640175 1084433459 156126590 331239964 99236799498 98266321540 99418771712 99957375207 99915641254 
937052562 98993528874 100071748419 99765909036 143073319 1740537732 956960900 1595346189 99914548433 98802031321 
128934213 98778999018 98625801979 99116498042 98137117489 99261512608 99784955795 1702759712 99661790924 98884495612 
788047294 231792999 100048972243 98873817924 99877962658 99338447321 99212239245 1199647073 98681547348 98429442068 
98979959885 140483540 983683947 1746788291 83363630 171231711 98135809134 1085073830 98401335829 99695836048 
98512695967 99005760917 99165840637 99231818111 98068370504 1221336775 98002506930 1394169330 99604042880 99041849852 
100017530760 99755597668 98101338712 98695005982 98301226334 548724720 188366522 531784673 99924226360 99814803209 
99488187352 98508947373 99556668430 99045273482 98590308656 99899461098 1834455118 163120283 98938185507 99659945858 
99735956200 98552512402 98331215330 99216615474 98341012610 98617386043 1693865614 302273429 1460030079 143408223 
99794470213 98710461779 99947853845 99265350700 98868519762 98878851760 99367744755 1644807606 96648082 1608681526 
4